-0.697757 -0.7163345
-0.8811955 -0.4727521
-0.53896207 -0.84233
-0.9883709 0.15206233
-0.99498534 0.10002083
0.257079 -0.96639043
-0.9945329 0.104423635
-0.98764896 0.15668261
0.023445763 -0.9997251
0.20129973 -0.97952974
-0.70929235 -0.7049144
-0.4222658 -0.906472
-0.98726165 0.1591052
-0.41182587 -0.91126245
-0.647592 -0.7619872
-0.9940938 0.10852487
-0.8479907 -0.5300111
-0.797131 -0.6038064
-0.6766192 -0.7363332
0.044609983 -0.9990045
-0.25548983 -0.9668118
-0.8684528 -0.495772
-0.7895453 -0.6136923
-0.9868328 -0.16174401
-0.4644326 -0.88560843
-0.9970429 0.07684721
-0.14583676 -0.98930866
-0.7104099 -0.7037881
-0.979758 0.20018536
0.2078685 -0.97815675
-0.81256515 -0.5828703
-0.8027379 -0.59633195
-0.7363736 -0.6765751
-0.20402502 -0.97896564
0.20468874 -0.97882706
-0.9076622 -0.4197015
0.19494405 -0.98081434
-0.98744667 0.15795253
-0.9808876 0.19457527
-0.9974352 0.07157439
-0.3009878 -0.95362794
-0.9974377 -0.071539775
-0.44021502 -0.89789236
0.2515137 -0.96785367
-0.9989336 0.04617023
-0.61120987 -0.7914685
-0.97550523 0.21997665
-0.3054717 -0.95220125
-0.97638553 0.21603468
-0.97886974 0.2044851
0.20114335 -0.9795619
0.1969744 -0.98040867
-0.29701892 -0.9548717
-0.69897103 -0.7151501
-0.13123322 -0.9913516
-0.6166937 -0.7872032
0.12067538 -0.99269205
-0.99621004 0.08698017
-0.9867477 -0.16226195
-0.9938774 0.11048825
-0.04350568 -0.9990531
-0.98087585 0.19463438
0.24971108 -0.96832037
0.08982145 -0.99595785
0.21930128 -0.9756571
-0.9933427 0.115196526
-0.50577414 -0.8626659
-0.3267158 -0.94512266
0.20081493 -0.97962916
0.026808174 -0.9996405
0.07843838 -0.996919
-0.9999983 -0.0018749725
-0.018194614 -0.99983436
-0.98199666 0.18889841
-0.99590933 0.09035819
-0.9803377 0.19732691
-0.9793693 0.20207894
0.23567945 -0.97183084
-0.9813135 0.19241554
0.24809873 -0.9687347
0.22520976 -0.9743103
-0.36602917 -0.9306033
0.21842298 -0.97585416
-0.30152076 -0.9534595
-0.91687447 -0.39917552
0.2196727 -0.97557366
-0.83262926 -0.5538307
0.23202147 -0.9727106
-0.039971463 -0.99920076
0.20239572 -0.97930384
0.24924274 -0.968441
-0.98874956 0.14958006
-0.9661074 -0.2581404
-0.86462784 -0.5024128
0.16626307 -0.9860814
-0.984999 0.1725602
-0.71135175 -0.7028362
-0.9809701 0.19415906
0.18205456 -0.9832884
-0.99503934 -0.099481456
-0.90566254 -0.42399934
-0.98434675 0.1762424
-0.61513066 -0.7884252
-0.98612547 -0.16600105
-0.97125685 -0.23803405
-0.86601746 -0.5000136
0.23190083 -0.97273946
-0.9844654 0.17557788
0.20356219 -0.979062
-0.57012427 -0.82155854
-0.7598892 -0.65005255
0.15622808 -0.9877211
-0.31314832 -0.94970423
-0.3164143 -0.94862103
-0.5383215 -0.84273946
-0.07632581 -0.997083
0.21266414 -0.9771252
0.16548398 -0.98621255
0.19312854 -0.9811734
-0.6853812 -0.7281846
-0.70669943 -0.7075138
-0.6274179 -0.7786828
0.19428605 -0.9809448
-0.621992 -0.78302354
-0.9973052 0.07336447
-0.98228544 0.18739061
-0.6102239 -0.7922289
-0.981744 0.19020735
-0.8511288 -0.52495676
-0.9981684 -0.06049649
-0.98329026 0.1820443
0.03414594 -0.99941677
-0.9825367 0.18606938
-0.9901667 -0.1398924
-0.5929593 -0.80523235
-0.9014464 -0.43289074
0.21317331 -0.9770144
-0.8075929 -0.58974034
-0.72265893 -0.6912048
-0.15563047 -0.9878153
0.14913641 -0.98881656
-0.99998933 -0.0046274327
-0.9999986 -0.0016725913
-0.06257066 -0.9980405
-0.47495896 -0.88000804
-0.99567765 0.09287638
0.1562811 -0.98771256
-0.67401034 -0.738722
-0.7464685 -0.66542065
-0.041786008 -0.99912655
-0.7654938 -0.6434433
-0.9930766 -0.11746845
-0.6816785 -0.7316519
0.117879435 -0.99302787
-0.17020462 -0.9854087
-0.9835315 0.18073662
-0.9836313 0.18019237
-0.38694453 -0.92210305
-0.988363 -0.15211341
-0.017875709 -0.9998402
-0.9838009 0.17926437
-0.9852281 0.17124715
-0.98193985 0.18919337
-0.99931055 0.037126724
-0.98554415 0.16941848
-0.98368394 0.17990454
-0.84606403 -0.5330814
-0.97943795 0.20174558
0.17923975 -0.9838054
0.14709657 -0.9891221
-0.94560915 -0.32530484
-0.983633 0.18018374
-0.9928998 0.11895355
0.111599475 -0.99375325
-0.99658674 0.08255157
0.19671914 -0.98045987
-0.8817444 -0.4717274
-0.41678905 -0.90900326
0.20540519 -0.978677
-0.9798403 0.19978268
0.20240864 -0.97930115
-0.5311112 -0.84730214
-0.98714113 -0.1598505
0.016797759 -0.9998589
-0.97730875 0.21181948
-0.7008878 -0.7132715
-0.9278329 -0.3729962
-0.9953145 -0.096690774
-0.99708927 -0.07624304
-0.34331498 -0.9392203
-0.99202496 -0.12604114
0.23595035 -0.97176516
-0.19784017 -0.9802343
-0.9690905 -0.24670549
0.20669505 -0.9784054
-0.9961368 0.08781544
-0.6189233 -0.7854515
-0.7506432 -0.66070765
-0.9797545 0.2002027
-0.7382832 -0.67449087
-0.98787636 0.15524264
-0.568918 -0.82239425
-0.9860916 0.16620253
-0.8065383 -0.59118176
0.16613604 -0.9861028
-0.13583174 -0.9907319
-0.9969494 -0.07805103
0.20704262 -0.97833186
-0.98331547 -0.18190865
-0.1789756 -0.9838535
-0.8516427 -0.5241228
-0.7816571 -0.62370825
-0.9936078 0.11288652
-0.26726195 -0.9636239
-0.9821247 0.18823108
-0.99777967 -0.066600375
-0.98836136 0.15212439
0.22783883 -0.97369874
-0.7613041 -0.6483951
-0.9376827 -0.3474929
-0.9389642 -0.34401467
-0.21066073 -0.9775591
0.2613725 -0.965238
-0.74721694 -0.6645803
-0.05291663 -0.998599
0.16765673 -0.9858454
-0.02817243 -0.99960303
-0.98159015 0.19099906
-0.97575396 -0.21886991
-0.9973715 0.07245743
0.21614882 -0.9763604
-0.99422586 0.107308045
0.21763022 -0.97603136
-0.9802806 0.19761056
-0.9929261 -0.11873336
-0.9995996 0.028297031
-0.5449999 -0.8384361
0.18774286 -0.98221815
0.18424591 -0.9828802
-0.98107576 0.19362393
0.19944571 -0.97990876
-0.9652929 0.26116964
-0.9918483 -0.12742464
-0.2670184 -0.9636915
-0.83682245 -0.5474745
0.19977039 -0.9798428
0.16495337 -0.98630124
-0.9909327 0.1343588
-0.9786947 0.20532121
-0.7378731 -0.6749396
-0.98197085 0.18903267
0.16447532 -0.9863812
0.20560008 -0.97863615
-0.78705794 -0.61687917
-0.51136315 -0.8593647
0.20684612 -0.9783735
-0.035630733 -0.999365
-0.9919845 0.1263591
0.22115986 -0.97523755
0.22359148 -0.974683
-0.43026632 -0.9027019
0.1826409 -0.9831797
-0.9913088 -0.13155544
-0.42675725 -0.9043662
-0.8071532 -0.5903419
0.19479816 -0.9808433
-0.67198783 -0.74056214
-0.17301735 -0.9849187
0.22654174 -0.97400135
-0.9892599 0.14616764
-0.02696338 -0.9996364
-0.98722374 0.15934029
-0.9429442 -0.3329506
-0.22425795 -0.9745298
-0.09622756 -0.9953593
-0.4165103 -0.90913105
0.22745529 -0.97378856
0.19506934 -0.9807895
0.2240112 -0.9745864
-0.99007726 0.14052396
-0.13448405 -0.9909158
0.05917592 -0.9982476
-0.091437034 -0.9958108
-0.31721947 -0.9483522
0.09112217 -0.9958397
-0.8450186 -0.5347369
-0.99588466 0.090629764
-0.9046119 -0.42623636
-0.22018993 -0.975457
-0.91316396 -0.4075923
-0.47146484 -0.8818849
0.11300096 -0.99359494
-0.039740324 -0.99921
0.19880646 -0.98003876
-0.9856422 0.16884792
0.20747747 -0.97823983
-0.98294485 0.18390027
0.0791026 -0.99686646
-0.303579 -0.9528063
-0.98697156 0.16089489
-0.71245265 -0.70172036
-0.99138063 0.13101335
0.106885314 -0.9942713
-0.22301571 -0.97481483
-0.15089646 -0.98854953
-0.5082742 -0.86119527
0.24409789 -0.9697506
0.14090988 -0.99002236
-0.9858859 0.16741888
0.21987332 -0.97552836
-0.2945275 -0.955643
-0.9361378 0.35163325
-0.23147023 -0.9728419
-0.9722551 0.23392305
-0.61092967 -0.79168487
-0.9798355 0.19980547
-0.77672255 -0.6298429
-0.76012486 -0.6497771
-0.40241486 -0.9154573
-0.10307322 -0.99467367
-0.86310005 -0.5050331
-0.9324062 -0.36141208
-0.9885341 0.1509977
0.0848684 -0.9963922
-0.8189734 -0.57383156
-0.9815094 0.19141422
-0.9807819 0.19510756
-0.98347324 0.18105344
-0.98558104 0.16920368
-0.9877943 0.15576424
0.22930367 -0.9733549
-0.65323895 -0.75715184
0.22773352 -0.9737235
-0.77854913 -0.6275838
-0.19730845 -0.98034143
-0.59552574 -0.8033362
-0.4195143 -0.90774876
-0.82946306 -0.5585617
-0.9956718 0.09293858
-0.9236327 -0.38327855
-0.99775237 0.06701011
-0.69613945 -0.7179065
-0.7767986 -0.62974924
-0.22517349 -0.97431874
0.18239164 -0.98322594
-0.7041503 -0.71005094
0.25074935 -0.9680521
0.18377963 -0.9829674
0.17719899 -0.98417497
0.22283824 -0.9748554
-0.9994355 -0.033595182
-0.08553571 -0.99633515
-0.12402455 -0.9922792
-0.98939586 0.14524394
-0.9887981 0.14925948
-0.8653011 -0.50125265
0.07552808 -0.9971436
-0.8081494 -0.5889776
-0.48514053 -0.8744362
-0.6992151 -0.7149114
-0.09920001 -0.9950674
0.19427274 -0.98094755
-0.8140019 -0.5808621
-0.014994742 -0.9998875
-0.67237586 -0.74020994
-0.18415083 -0.9828978
-0.955864 -0.2938094
0.1981939 -0.9801628
-0.057413 -0.99835044
0.14587235 -0.98930347
-0.6186735 -0.7856483
-0.34990376 -0.9367857
0.23324339 -0.9724184
0.16192193 -0.98680353
0.20003429 -0.9797888
-0.6539798 -0.75651205
-0.9907145 0.13595887
-0.3828695 -0.9238025
-0.98653066 0.16357607
-0.98992187 -0.14161465
0.20172249 -0.97944266
-0.9866584 0.16280442
0.03349352 -0.999439
0.21113966 -0.97745585
-0.9867249 -0.1624006
0.18582474 -0.98258287
-0.992327 0.12364068
0.20755064 -0.9782243
-0.6662746 -0.74570644
0.19279537 -0.98123896
-0.7144326 -0.6997043
-0.98554754 0.1693991
-0.49301547 -0.87002057
-0.634216 -0.77315587
-0.9862205 0.16543636
-0.9837767 0.17939737
-0.94751793 -0.31970292
-0.7369697 -0.6759257
-0.98514825 0.17170598
-0.08955655 -0.9959817
-0.9857113 0.16844375
0.091336966 -0.99582005
0.17387067 -0.9847685
0.13089679 -0.99139595
-0.9896389 0.14357911
-0.17744716 -0.98413026
-0.9799573 0.19920808
-0.4078241 -0.91306055
-0.9013603 -0.43307006
0.11889368 -0.992907
-0.9989023 -0.04684116
-0.98177725 0.19003512
-0.74340063 -0.6688463
-0.49444026 -0.8692116
-0.8602323 -0.5099023
-0.98300254 0.18359187
-0.9866298 0.1629776
-0.5182661 -0.8552194
-0.98666483 0.16276503
0.11047779 -0.9938786
-0.28827798 -0.9575467
0.23523498 -0.97193855
-0.12240871 -0.9924798
-0.052651104 -0.9986129
-0.002973958 -0.9999956
-0.28526086 -0.95844996
-0.055129822 -0.99847907
-0.35268125 -0.9357435
-0.7806344 -0.62498796
-0.9967133 0.08101023
0.01592006 -0.9998732
-0.98459256 0.1748643
-0.7303959 -0.683024
-0.6976007 -0.7164869
0.12808627 -0.99176294
-0.5962034 -0.80283344
-0.99999225 0.0039052125
-0.9877149 0.15626666
-0.98749083 0.15767698
-0.99750066 -0.07065615
-0.037791733 -0.9992857
-0.9943167 -0.106462665
-0.908511 -0.4178608
-0.9913498 0.1312453
0.20273034 -0.9792345
0.14575556 -0.98932064
0.09479236 -0.995497
-0.18502778 -0.9827333
-0.18862256 -0.9820497
-0.75639963 -0.6541097
-0.6846589 -0.7288638
-0.52531344 -0.8509088
-0.9991152 0.042055286
-0.71036816 -0.70383024
-0.2160691 -0.97637814
0.006394617 -0.9999795
0.21294299 -0.9770646
-0.9691992 0.24627827
0.18990341 -0.9818028
-0.9764755 0.21562818
-0.81825703 -0.5748527
-0.9779611 0.20878708
-0.90895593 -0.41689223
-0.86049384 -0.5094608
-0.7304181 -0.68300027
-0.6890643 -0.72470015
0.17201251 -0.9850948
-0.989203 0.1465517
0.20628712 -0.9784915
-0.92149854 -0.3883818
0.21748002 -0.97606486
-0.99943477 -0.033619218
-0.24529752 -0.96944785
0.15407223 -0.9880595
0.21997118 -0.97550637
-0.8682133 -0.49619123
0.15100236 -0.9885334
-0.7846491 -0.6199402
0.18361464 -0.98299825
-0.123155154 -0.9923874
-0.573842 -0.81896603
-0.9999796 -0.006374059
-0.98111546 0.19342244
-0.98084253 0.19480212
-0.37789175 -0.9258498
-0.26733255 -0.9636042
-0.39191768 -0.92000026
-0.3408914 -0.94010264
0.2179754 -0.9759543
-0.99411845 -0.10829847
-0.7015334 -0.71263653
0.18769422 -0.98222756
-0.99008775 0.14045018
-0.985699 0.16851537
0.21190566 -0.9772902
-0.9405182 -0.33974335
-0.9325722 -0.36098364
-0.78539926 -0.61898947
0.20037979 -0.9797183
-0.88847214 -0.45893052
0.13320301 -0.99108875
-0.9389739 -0.34398833
-0.93387467 -0.35760075
-0.9999527 0.009725758
0.061446294 -0.9981104
-0.9743763 0.22492363
-0.520823 -0.8536647
-0.9947313 0.102516666
-0.6322478 -0.77476627
-0.8263073 -0.5632195
-0.8674093 -0.49759537
0.1932519 -0.9811491
-0.9846199 0.17470984
0.22991207 -0.9732114
-0.82116276 -0.570694
0.37415186 -0.9273675
-0.30858725 -0.95119596
-0.8354957 -0.5494969
-0.8931276 -0.44980332
0.17587078 -0.98441327
-0.59615976 -0.80286574
-0.9844917 0.17543109
-0.63725615 -0.770652
-0.9013686 -0.4330525
-0.6395669 -0.7687354
0.2622021 -0.96501297
-0.41378084 -0.9103766
0.20869264 -0.97798127
-0.8885618 -0.4587568
-0.996309 0.08583936
-0.70674324 -0.7074702
-0.898303 -0.43937656
-0.4014706 -0.9158719
0.19610272 -0.9805834
-0.44109935 -0.8974583
-0.24939005 -0.96840304
-0.4937216 -0.8696201
0.14234902 -0.98981655
-0.98748124 0.15773603
-0.06272481 -0.9980308
-0.528646 -0.84884244
-0.90217763 -0.43136445
0.13341382 -0.99106044
-0.7476551 -0.66408724
-0.17443995 -0.98466784
-0.9819935 0.18891457
0.018847458 -0.9998223
-0.72589815 -0.6878023
-0.9737378 -0.22767255
-0.9947375 0.10245657
-0.98336875 0.18162039
-0.12446637 -0.99222386
-0.12096589 -0.9926567
-0.14353551 -0.9896452
-0.57952636 -0.8149534
0.15461507 -0.98797476
-0.94428885 -0.3291179
-0.94838274 -0.3171276
-0.7847815 -0.61977243
-0.5917769 -0.8061019
-0.9897151 -0.1430525
0.2055871 -0.97863877
0.16932121 -0.9855609
0.12714325 -0.9918844
-0.3480614 -0.93747175
-0.98562294 0.16896051
-0.8109703 -0.5850873
0.014014609 -0.9999018
-0.70922214 -0.70498496
-0.9845834 0.1749161
-0.75341225 -0.6575484
-0.35896793 -0.93334985
-0.98601735 -0.16664225
0.08950762 -0.99598616
0.15320107 -0.988195
-0.9862346 0.16535176
0.17072055 -0.9853195
-0.1868243 -0.9823933
-0.96730405 -0.25361925
-0.92239445 -0.38624927
-0.7789617 -0.62707156
-0.45211884 -0.8919577
-0.98241407 0.18671498
0.18881823 -0.9820121
-0.42652318 -0.9044766
-0.9793415 0.20221344
-0.98141134 0.19191565
-0.9686912 0.24826854
-0.7389726 -0.67373556
-0.9992989 -0.037439212
-0.97776216 -0.20971692
-0.21521586 -0.9765666
-0.98841023 0.15180644
0.18906364 -0.9819648
-0.920322 -0.39116174
-0.7265911 -0.68707013
-0.97358197 0.22833787
-0.9903545 0.1385576
-0.9827077 0.18516384
-0.9311086 -0.36474186
-0.84376746 -0.53670883
-0.89627707 -0.44349468
-0.9721121 -0.23451638
-0.97563195 0.21941318
-0.9837647 0.17946303
-0.9144658 0.40466332
-0.8699083 -0.4932135
0.20509587 -0.9787419
-0.96357065 -0.26745352
-0.51259285 -0.85863173
-0.9829502 0.18387192
-0.013986338 -0.9999021
-0.8706676 -0.4918718
-0.99614936 0.08767191
-0.9882824 -0.15263656
-0.98924047 0.14629823
-0.93371373 -0.35802034
-0.9977811 0.06657915
0.1982981 -0.98014164
-0.97657055 0.2151976
-0.9909397 0.13430743
-0.7141721 -0.6999701
-0.98208225 0.18845278
-0.9810422 0.19379443
0.12728702 -0.9918659
-0.9804322 0.19685693
-0.98444486 0.17569333
-0.26697746 -0.9637028
-0.9872345 0.15927404
-0.94310576 -0.33249292
-0.99353963 0.113486
-0.14719705 -0.9891071
0.18694897 -0.9823696
-0.91574156 0.4017676
0.025704127 -0.9996696
-0.97965825 0.20067266
0.1975092 -0.9803011
0.14630015 -0.98924017
0.15301791 -0.9882234
-0.98275834 0.18489459
-0.9798373 0.19979675
-0.98287153 0.18429135
-0.9763034 0.2164065
-0.9829226 -0.18401963
-0.5889903 0.80814004
-0.9815026 0.19144855
0.23142485 -0.9728528
0.1725249 -0.98500514
0.5043053 -0.8635254
-0.98581666 0.16782553
-0.1409545 -0.99001604
0.22161512 -0.97513425
-0.11438884 -0.993436
-0.9875348 0.1574008
-0.8367204 -0.54763025
0.19485506 -0.98083204
-0.8268065 -0.5624864
-0.84219176 -0.5391782
0.22722591 -0.9738422
-0.9792577 0.20261875
0.16222787 -0.9867534
0.16553085 -0.98620456
-0.98941773 0.14509493
-0.97457093 0.2240795
0.07425146 -0.99723953
-0.9991418 -0.041419476
-0.43869373 -0.89863664
-0.16049068 -0.9870373
0.2232385 -0.9747639
-0.9848258 0.17354622
0.22599155 -0.97412926
0.24132945 -0.9704432
-0.9787243 -0.20517899
0.21980721 -0.97554326
0.22739743 -0.9738021
-0.38118488 -0.9244987
-0.4704857 -0.8824075
-0.11541069 -0.99331784
-0.98347807 0.18102717
-0.98020226 0.19799887
-0.9830128 0.18353663
-0.9837732 0.17941682
0.18486705 -0.9827636
-0.87554926 -0.4831288
-0.98427075 0.17666622
-0.16597241 -0.9861304
-0.7216977 -0.69220847
0.15518978 -0.98788464
-0.97976 0.20017557
0.20999703 -0.9777021
-0.979313 0.2023513
-0.87149626 -0.49040228
-0.9798857 0.19955972
0.20195977 -0.9793938
-0.15382586 -0.98809797
-0.8694043 -0.49410146
-0.5448924 -0.838506
0.1741263 -0.9847233
-0.49565256 -0.8685209
0.032680783 -0.99946576
-0.7739232 -0.6332795
-0.6852334 -0.72832346
-0.9940576 -0.108855695
-0.9993472 0.03612576
-0.9885214 -0.15108037
-0.98032194 0.1974054
0.09091628 -0.9958586
-0.8758687 -0.4825495
-0.96803886 -0.25079998
-0.82520765 -0.5648295
-0.8563749 -0.5163545
-0.9674552 -0.25304225
-0.77828187 -0.6279151
0.01974064 -0.99980515
-0.9966894 -0.08130256
-0.32440296 -0.945919
-0.9352817 -0.35390443
-0.5979583 -0.80152714
-0.48330742 -0.87545073
0.22111803 -0.97524697
-0.7777648 -0.6285554
0.21639504 -0.9763058
-0.9820168 0.18879385
-0.0009792477 -0.9999995
-0.80983746 -0.5866542
-0.9970035 0.07735709
-0.62704366 -0.77898407
-0.77123445 -0.63655114
0.22923236 -0.97337174
-0.3036824 -0.9527732
-0.98801345 0.15436764
-0.96985275 -0.24369167
-0.6585007 -0.7525801
-0.95596296 -0.29348728
-0.98343915 0.18123823
-0.5502929 -0.8349718
-0.7223441 -0.6915338
-0.8508498 -0.52540886
0.23133959 -0.97287303
-0.80946493 -0.5871681
0.2474901 -0.96889037
0.2216701 -0.9751218
0.24415815 -0.9697355
-0.17930058 -0.98379433
-0.06499887 -0.9978854
0.15069519 -0.98858017
-0.27714548 -0.960828
-0.6317593 -0.7751644
-0.5858573 -0.81041425
-0.9965102 0.08347042
-0.119396806 -0.9928466
-0.98580414 0.16789886
-0.9552659 -0.29574844
-0.9917551 0.12814724
-0.93784726 -0.34704804
-0.9967437 0.0806348
-0.9864569 0.16402091
-0.76772237 -0.6407826
-0.97987854 0.19959494
-0.78962886 -0.6135847
-0.9801682 0.1981673
0.27196154 -0.96230793
0.15742579 -0.9875308
0.23112921 -0.97292304
-0.9797192 0.20037545
-0.7331997 -0.6800133
-0.981638 0.19075318
0.018737666 -0.99982435
-0.9398985 -0.3414539
0.17200685 -0.9850957
-0.9917617 0.1280966
-0.9990727 -0.04305501
0.1168851 -0.99314535
-0.53545195 -0.84456563
-0.13853101 -0.9903581
0.11019299 -0.9939102
-0.18254676 -0.9831972
0.036007177 -0.99935156
-0.060448878 -0.9981713
-0.9908174 -0.13520616
-0.40839213 -0.9128066
-0.2929362 -0.95613194
-0.8413095 -0.5405538
-0.8445324 -0.5355045
-0.9780082 -0.20856601
-0.35795566 -0.9337386
-0.9995753 0.029141514
-0.25973216 -0.96568066
-0.17586619 -0.98441416
0.23827519 -0.97119766
-0.8346391 -0.5507973
0.18591595 -0.98256564
-0.8027231 -0.5963519
-0.88689697 -0.46196726
-0.980203 0.19799545
-0.99813104 0.06111073
0.17757246 -0.98410773
-0.79741037 -0.60343736
-0.99291426 0.11883373
0.12236693 -0.99248487
-0.99955314 0.029892819
-0.41612977 -0.90930516
-0.4609922 -0.88740414
0.14756869 -0.98905176
-0.6087397 -0.79337
-0.85082716 -0.5254455
-0.98264784 0.18548115
-0.5443825 -0.8388371
-0.99271894 0.12045351
-0.78261167 -0.6225104
-0.9807572 0.19523157
-0.17018336 -0.98541236
-0.9920785 -0.12561993
0.11709164 -0.9931211
-0.99088377 0.1347195
-0.5256894 -0.85067654
-0.99072826 0.1358584
0.17036356 -0.98538125
-0.9267405 -0.37570187
0.22437517 -0.97450286
-0.99079424 0.13537669
-0.9864494 0.1640655
-0.98235774 0.18701112
0.15594222 -0.9877662
-0.7337281 -0.6794433
0.24078204 -0.9705792
-0.98529637 0.17085353
-0.27483946 -0.96149004
-0.45027772 -0.89288855
0.16222036 -0.98675454
0.19723009 -0.9803572
0.15851241 -0.987357
0.026297545 -0.9996541
0.25069892 -0.9680651
0.23886661 -0.97105235
-0.8051285 -0.5931005
-0.9856166 0.16899638
-0.58795404 -0.80889434
-0.9824463 0.18654564
-0.9925666 0.12170238
-0.98772556 0.15619943
-0.99243325 0.12278481
-0.35674906 -0.93420035
-0.9246705 0.38076815
-0.984391 0.17599533
-0.98060685 0.19598514
0.22718988 -0.9738504
-0.8828757 -0.4696067
-0.9970091 -0.077283554
-0.99171966 0.12842168
0.22538339 -0.97427005
-0.6337452 -0.7735419
0.055479333 -0.9984599
-0.9875524 0.15729046
-0.92761695 -0.37353298
-0.14849171 -0.9889137
0.1332966 -0.9910762
-0.9794891 0.20149688
-0.968924 -0.24735859
-0.9851972 0.1714248
-0.89671016 -0.442618
0.22070417 -0.9753408
-0.9858914 0.16738594
0.16661702 -0.98602176
-0.96858937 -0.24866566
0.20437159 -0.9788934
-0.9834868 0.18098009
-0.98028743 0.19757639
-0.2477001 -0.9688368
-0.9939528 0.1098082
-0.84666383 -0.5321281
-0.99632645 -0.085635945
-0.17187986 -0.9851179
-0.19472732 -0.9808574
0.19281138 -0.98123586
-0.7429348 -0.6693638
-0.0052907374 -0.99998605
-0.80609906 -0.5917806
-0.99136037 0.13116677
0.19940095 -0.979918
-0.94437754 -0.3288633
0.18548994 -0.98264617
-0.98624957 0.16526255
-0.981974 0.18901584
-0.9821415 0.18814397
-0.98709726 0.16012156
0.04411644 -0.99902636
0.22392802 -0.9746056
-0.9975103 -0.07051997
-0.16560993 -0.9861914
0.17350449 -0.98483306
-0.47993463 -0.87730426
-0.12603772 -0.99202543
-0.90865374 -0.41755044
-0.4669197 -0.88429976
-0.083257966 -0.99652797
-0.9825981 0.18574451
0.21238291 -0.9771865
-0.9881869 0.15325333
-0.6452523 -0.76396954
-0.86000156 -0.5102914
-0.63810056 -0.769953
-0.98845935 0.15148637
-0.98614 0.16591533
-0.99926037 -0.03845471
-0.9836759 0.17994976
-0.98240155 0.18678106
-0.98215246 0.1880868
-0.9818201 0.18981388
0.19910547 -0.97997797
-0.98221123 0.18777946
-0.99121374 0.13227035
0.19933082 -0.9799323
-0.9984494 0.055666614
0.06530729 -0.9978652
-0.98403 -0.17800248
-0.7624584 -0.6470374
0.17735615 -0.98414665
-0.17770451 -0.9840839
-0.91507393 -0.4032863
-0.98814315 0.15353501
-0.015173383 -0.9998849
-0.99997956 0.00639661
-0.8907611 -0.45447204
-0.99986184 0.016622325
-0.76143736 -0.6482384
-0.83422315 -0.55142707
0.0604238 -0.9981728
-0.88067067 -0.47372904
-0.97933114 -0.20226319
-0.6423703 0.7663944
0.1381954 -0.99040496
-0.65744674 -0.753501
0.16417079 -0.98643196
-0.8284815 -0.5600164
-0.9857261 0.1683561
-0.57155645 -0.8205627
-0.055124246 -0.99847955
-0.99984694 0.017498696
-0.8538901 -0.52045316
-0.99900913 0.04450797
-0.92691386 -0.37527406
-0.04275638 -0.9990855
-0.99021876 0.1395233
-0.35511142 -0.93482393
-0.9945445 0.10431298
0.2246856 -0.97443134
-0.9938457 -0.110773645
-0.71195614 -0.7022239
-0.86993057 -0.49317402
-0.9765598 -0.21524614
0.06865858 -0.9976402
0.16734196 -0.9858989
-0.999092 -0.042605318
0.15432894 -0.9880195
-0.8879057 -0.46002534
-0.8972608 -0.4415009
0.038425192 -0.9992614
-0.9868874 -0.16141008
-0.9997637 0.021739017
-0.9073918 -0.42028576
-0.9892807 -0.14602685
-0.43702167 -0.8994509
-0.080121055 -0.99678516
-0.85402393 -0.52023375
0.20069598 -0.9796535
-0.6676343 -0.7444893
0.22502281 -0.97435343
-0.9879513 0.15476497
-0.70156896 -0.7126015
-0.9821347 0.18817909
0.21229808 -0.97720486
-0.86134404 -0.508022
-0.7467291 -0.66512835
-0.29777187 -0.954637
0.0960651 -0.99537504
0.22005667 -0.97548705
0.09002668 -0.99593943
-0.20763302 -0.97820675
-0.9182628 -0.39597142
-0.43428618 -0.9007749
-0.98275423 0.18491636
-0.9804992 0.1965235
0.19261909 -0.98127365
-0.75485224 -0.6558949
0.18511082 -0.9827177
-0.8523441 -0.52298135
-0.99372745 0.11182838
-0.18799633 -0.9821698
-0.7081812 -0.7060308
-0.6905867 -0.7232497
0.1530203 -0.9882231
-0.97295773 -0.23098348
-0.98685765 0.16159157
-0.8981349 -0.43971995
-0.023239646 -0.99972993
-0.9995227 -0.03089174
-0.91325706 -0.40738374
-0.9953101 -0.096735194
0.11183401 -0.99372685
-0.7307312 -0.68266547
0.19845226 -0.9801105
-0.70140886 -0.712759
0.1898909 -0.9818052
-0.9609151 -0.27684313
0.21043912 -0.977607
-0.8776104 -0.47937444
-0.69914794 -0.7149769
-0.9837712 0.17942692
0.18379527 -0.9829645
-0.755534 -0.65510935
0.21042867 -0.9776092
0.21932366 -0.9756521
-0.99651545 -0.08340802
-0.49297413 -0.870044
0.1910498 -0.9815804
0.14978564 -0.98871845
-0.5440964 -0.8390227
-0.97228855 0.23378429
-0.9967194 -0.080934696
-0.8265113 -0.56292003
-0.9828642 0.18433082
0.27908003 -0.9602679
-0.7165322 -0.697554
0.26557666 -0.96408963
-0.7079182 -0.7062945
-0.90346986 -0.42865163
-0.32456902 -0.945862
-0.9929051 0.11890937
-0.6669653 -0.74508876
-0.3070257 -0.9517012
-0.96959186 -0.24472767
-0.6708236 -0.7416169
-0.87549245 -0.48323184
-0.9789506 0.20409712
-0.9999958 0.0029089928
-0.9750133 0.22214657
0.0070481515 -0.9999752
0.020901488 -0.99978155
-0.4991733 -0.8665021
-0.4304822 -0.90259904
-0.41446424 -0.9100656
-0.3478095 -0.9375652
-0.93835604 -0.34567007
-0.9944806 -0.1049204
0.20895936 -0.9779242
-0.49412814 -0.86938906
0.00066413474 -0.99999964
0.1648104 -0.98632526
0.18666002 -0.9824246
-0.9830029 0.18359001
-0.8091437 -0.58761096
-0.06748365 -0.99772036
-0.9209713 -0.3896306
-0.981265 0.19266276
-0.99501675 -0.09970832
-0.40733814 -0.9132773
0.19472514 -0.9808578
-0.2512088 -0.9679329
-0.73793054 -0.67487675
-0.7126878 -0.70148146
-0.77812 -0.6281156
0.20663692 -0.97841763
-0.143351 -0.9896718
0.23345922 -0.9723665
0.16311605 -0.98660684
0.19365714 -0.9810692
-0.98689294 0.16137631
-0.99561036 -0.093594715
0.2168947 -0.97619504
-0.36594903 -0.9306349
0.21823758 -0.97589564
-0.5625348 -0.8267736
0.20142214 -0.9795045
-0.9867066 0.16251148
0.2093916 -0.97783184
-0.9944787 0.104938716
0.19543205 -0.9807172
0.09068765 -0.99587935
-0.47494975 -0.8800129
-0.97696894 -0.2133816
-0.41879126 -0.90808254
0.11164718 -0.99374795
0.16830808 -0.98573446
-0.98476386 0.17389658
-0.93624014 -0.35136065
-0.9998804 -0.015470133
0.05143171 -0.99867654
-0.98127747 0.19259876
-0.03457348 -0.9994021
-0.95207787 -0.30585593
-0.81775117 -0.5755719
-0.9885459 0.15092064
0.21600963 -0.97639126
-0.98822886 0.15298253
0.2030403 -0.97917044
-0.8716461 -0.4901357
-0.4715042 -0.8818638
-0.9826933 0.18523934
-0.4091965 -0.9124463
-0.98127747 0.19259952
-0.9997893 -0.020524895
0.20860954 -0.9779991
0.21199226 -0.9772714
-0.895959 -0.4441365
-0.9999834 0.0057644183
-0.17816938 -0.9839999
-0.42090264 -0.90710586
-0.94377893 -0.33057716
-0.208578 -0.97800565
-0.53153086 -0.84703904
0.13700692 -0.99057007
-0.97632885 -0.21629132
-0.8188683 -0.57398146
-0.9874201 -0.15811878
-0.983379 0.18156442
-0.9100094 -0.41458756
0.16733749 -0.9858997
-0.47143897 -0.88189864
0.17904261 -0.9838413
0.16421437 -0.9864247
-0.26683605 -0.963742
-0.48243272 -0.875933
-0.96904624 -0.24687935
-0.9975506 -0.069948494
0.071680784 -0.9974276
-0.44734287 -0.8943625
-0.29149324 -0.9565729
0.18025997 -0.9836189
0.18418725 -0.98289114
-0.99404085 -0.10900801
0.18943122 -0.981894
-0.6480866 -0.7615666
0.17523524 -0.9845265
-0.3806786 -0.9247075
-0.33065218 -0.9437527
-0.6104811 -0.7920309
-0.7357178 -0.67728823
-0.98800266 0.1544364
-0.9869648 0.16093655
-0.50713015 -0.8618695
0.21417765 -0.9767947
-0.7771362 -0.6293323
-0.822001 -0.5694857
-0.31432766 -0.9493145
-0.8338504 -0.55199057
0.1726289 -0.98498696
-0.4823875 -0.875958
-0.9906922 -0.1361207
-0.41384563 -0.91034704
-0.9994388 0.03349621
-0.797011 -0.6039649
-0.97906566 0.2035445
0.22261897 -0.97490555
-0.96761394 -0.2524344
-0.9909081 0.13454057
-0.98391247 0.17865065
-0.52051044 -0.8538553
0.06010196 -0.99819225
0.204702 -0.9788243
-0.22324184 -0.97476304
-0.9842669 0.17668799
0.20567405 -0.97862047
-0.99910176 -0.042376444
0.20916711 -0.9778799
0.3972374 -0.91771585
-0.99090147 -0.13458975
-0.3493975 -0.93697464
-0.23256011 -0.9725821
-0.37011653 -0.9289853
0.14873062 -0.9888777
-0.46036512 -0.88772976
-0.7901325 -0.6129361
0.18031347 -0.9836092
-0.2380688 -0.97124827
0.22362934 -0.97467417
-0.95563823 -0.29454267
0.038844585 -0.9992452
-0.95522606 -0.29587707
-0.98442715 0.17579304
0.20728804 -0.97828
-0.98733133 0.1586713
-0.36026192 -0.93285114
0.23024473 -0.9731328
-0.85400224 -0.52026933
0.20889623 -0.97793776
-0.5580678 -0.8297954
0.2177529 -0.976004
-0.9245873 -0.38097027
-0.9375581 -0.34782854
-0.98018575 0.19807987
-0.98542106 -0.17013347
0.18357731 -0.9830053
-0.97991383 -0.19942124
-0.83592224 -0.5488478
-0.08302897 -0.9965471
0.23047121 -0.97307914
-0.24094589 -0.97053856
0.20871149 -0.9779772
-0.73726994 -0.67559826
-0.9934193 -0.11453403
-0.724684 -0.6890814
-0.011273428 -0.9999364
-0.7089777 -0.7052309
-0.38913196 -0.9211819
-0.9837656 0.17945832
-0.07122148 -0.9974605
-0.99754816 0.06998245
-0.9834171 0.18135841
0.030731447 -0.9995277
0.22580591 -0.9741723
-0.80919236 -0.5875438
0.21905033 -0.97571355
-0.22573595 -0.97418845
-0.10411714 -0.99456507
0.17664798 -0.9842741
-0.9907108 -0.13598472
-0.9796478 0.2007236
-0.9764449 -0.21576677
0.19580542 -0.9806427
-0.9824084 0.18674518
-0.6527526 -0.75757116
-0.8536377 -0.52086717
-0.6670669 -0.7449979
-0.9977402 0.06719013
-0.9915356 0.12983496
0.24191527 -0.97029746
-0.9920937 0.12549953
0.17985035 -0.983694
-0.9739102 -0.22693361
0.25684193 -0.96645343
-0.9814604 0.19166562
-0.5369237 -0.8436309
-0.8342647 -0.5513642
0.08120276 -0.99669766
-0.97723764 0.21214744
-0.3873945 -0.9219139
-0.8694091 0.49409315
0.18535432 -0.9826717
-0.97308743 0.23043601
-0.9909541 0.13420098
-0.90537524 -0.42461234
-0.368587 -0.92959327
-0.5912077 -0.8065194
-0.97807133 0.20827013
-0.31536984 -0.9489687
-0.4886592 -0.87247473
-0.7739857 -0.63320315
-0.92409015 -0.3821746
-0.9755975 0.21956663
-0.517795 -0.8555046
-0.87220913 -0.48913312
-0.51040554 -0.85993373
-0.71789014 -0.6961564
-0.64447814 -0.76462287
-0.9740482 -0.22634053
-0.77979743 -0.62603194
-0.99078524 0.1354424
-0.65203124 -0.75819206
0.13875508 -0.99032676
0.18510367 -0.98271906
-0.8297192 -0.558181
0.179555 -0.98374796
0.18259059 -0.9831889
-0.9371966 -0.34880126
0.20014066 -0.97976726
-0.71066666 -0.7035289
-0.8993835 -0.43716046
-0.9999747 0.007109694
-0.99339104 0.114778295
-0.99760866 -0.06911628
0.21136351 -0.9774076
-0.9782494 -0.2074324
0.18950997 -0.98187876
0.21493657 -0.97662807
-0.9664882 -0.25671113
-0.6819114 -0.73143476
-0.8329266 -0.5533835
-0.99068516 0.13617282
-0.9815191 -0.191364
0.20882167 -0.97795373
-0.3585326 -0.93351716
-0.99299836 0.1181285
-0.9875548 -0.1572754
-0.98818314 0.15327771
-0.991288 0.13171169
-0.99605906 0.08869181
-0.6577762 -0.75321347
-0.9967286 0.08082066
0.028791761 -0.9995854
-0.981029 0.19386089
-0.95430607 -0.2988307
-0.7372002 -0.6756744
-0.99460894 0.10369704
0.028023403 -0.99960726
-0.96022886 -0.27921408
0.20423147 -0.97892267
-0.8766952 -0.4810462
-0.6158528 -0.78786135
-0.93615746 -0.35158086
-0.2212189 -0.97522414
-0.7333475 -0.679854
-0.5270309 -0.84984607
-0.9666067 -0.25626457
-0.2699164 -0.9628837
-0.66670895 -0.7453181
0.19005165 -0.9817741
0.22347675 -0.97470933
-0.9860954 0.16618048
-0.9999216 0.0125129
-0.82933235 -0.5587555
-0.4577763 -0.8890675
0.22923817 -0.9733704
-0.9850805 0.1720944
0.21508491 -0.9765954
-0.99162334 -0.1291637
0.1552592 -0.98787373
0.21179135 -0.9773149
0.13886864 -0.9903108
-0.3704961 -0.92883384
-0.20095249 -0.979601
-0.2703927 -0.9627501
0.21959272 -0.97559166
-0.074466005 -0.9972235
-0.85823774 -0.51325226
0.14238001 -0.9898121
-0.19321461 -0.98115647
-0.0070988047 -0.9999748
-0.6283874 -0.7779007
-0.98709166 0.16015634
-0.9869414 0.1610792
-0.3332226 -0.9428482
-0.9903409 0.13865416
-0.9989958 -0.044804852
-0.9984823 -0.05507286
-0.33364493 -0.94269884
-0.92808163 -0.37237674
-0.9918528 0.127389
-0.77494025 -0.6320344
-0.74153197 -0.6709175
0.20873202 -0.97797287
0.22293727 -0.9748327
0.21084908 -0.97751856
-0.9857762 0.16806298
-0.992997 0.11813927
-0.83714116 -0.5469868
-0.9964433 0.0842665
-0.98303604 0.1834123
-0.9829824 0.18369937
-0.9965147 -0.08341811
0.21190028 -0.9772913
-0.9868055 0.16191016
-0.9998805 -0.015461207
-0.9870274 0.16055164
0.20640707 -0.9784662
-0.98306364 -0.18326429
0.22260197 -0.9749094
-0.9997134 0.023937989
0.17225671 -0.9850521
-0.832676 -0.5537603
0.1985648 -0.98008776
-0.9923275 0.12363659
-0.9939389 0.10993356
-0.2795175 -0.9601405
-0.9896522 0.14348689
-0.9921958 0.12469039
0.23618083 -0.9717092
-0.7341701 -0.67896545
0.23764284 -0.97135264
-0.9945079 0.10466249
-0.98973024 0.14294784
-0.9827392 0.18499577
-0.98395187 0.17843394
0.14028822 -0.9901107
-0.9982644 -0.05889183
-0.9760415 -0.21758431
0.2406244 -0.97061837
-0.72301203 -0.69083554
0.20586216 -0.978581
0.16053252 -0.9870305
0.21453059 -0.9767173
0.22917864 -0.9733843
-0.39812028 -0.91733325
0.15561277 -0.98781806
0.12363594 -0.9923277
-0.9943253 -0.10638329
-0.9867459 0.16227348
-0.9700089 -0.24306956
-0.9831483 0.18281007
-0.8616024 -0.50758374
-0.97104293 -0.23890492
0.25144532 -0.96787155
-0.98473006 0.17408825
0.22952802 -0.973302
-0.9690829 -0.24673514
-0.98493207 0.17294161
-0.9993815 0.03516295
-0.9857786 0.16804951
-0.999826 0.018652035
-0.11436706 -0.9934386
-0.31241307 -0.94994646
-0.6067252 -0.79491156
-0.52923167 -0.84847736
-0.9911896 0.13245057
0.24614981 -0.9692318
0.17053013 -0.98535246
-0.9401414 -0.34078482
-0.4215627 -0.90679926
0.21857366 -0.97582036
0.1760184 -0.9843868
-0.23098479 -0.97295725
-0.98395765 0.17840184
-0.72683436 -0.68681276
-0.8622547 -0.506475
0.2209945 -0.9752751
-0.74248874 -0.6698586
-0.99535745 -0.09624753
-0.99942744 0.033835866
-0.9734452 -0.22892036
-0.5041907 -0.8635923
-0.95071447 -0.31006762
-0.8165653 -0.57725304
0.2196813 -0.97557175
0.19456515 -0.98088956
-0.14774178 -0.98902595
-0.8879333 -0.45997205
0.15201841 -0.98837775
-0.9942199 0.10736277
-0.9785374 -0.20606942
-0.9649813 -0.26231858
-0.97700924 0.21319659
-0.11702554 -0.9931289
-0.9824906 -0.18631218
-0.32181188 -0.94680375
-0.9815832 0.19103512
0.18973407 -0.98183554
-0.97734076 0.21167189
0.13436837 -0.9909314
0.1846104 -0.98281175
-0.72696525 -0.68667436
0.18232962 -0.98323745
-0.31872872 -0.947846
-0.6180754 -0.78611887
-0.85191447 -0.5236808
-0.8344356 -0.5511055
-0.99110067 -0.13311422
-0.4352662 -0.9003018
-0.7692736 -0.6389196
-0.6121984 -0.7907042
